Uniform dataset. 7 * 100 iterations. No Failure Acknowledgement

--------
[0, 1, 2, 3, 4, 5, 6, 7, 8, 9, 10, 11, 12, 13, 14, 15, 16, 17, 18, 19, 20, 21, 22, 23, 24, 25, 26, 27, 28, 29, 30, 31, 32, 33, 34, 35, 36, 37, 38, 39, 40, 41]
[4, 0, 9, 0, 6, 0, 10, 0, 11, 0, 2, 0, 4, 0, 8, 0, 4, 0, 1, 0, 3, 0, 2, 0, 3, 0, 4, 0, 8, 0, 9, 0, 2, 0, 5, 0, 3, 0, 2, 0, 0, 0]
[2, 5, 1, 2, 1, 6, 2, 3, 4, 7, 1, 6, 4, 0, 5, 0, 3, 0, 0, 3, 5, 0, 2, 5, 0, 1, 0, 1, 0, 4, 0, 4, 2, 1, 2, 4, 5, 6, 3, 0, 0, 0]
41
0.1
100
0.5
---------
[0, 1, 2, 3, 4, 5, 6, 7, 8, 9, 10, 11, 12, 13, 14, 15, 16, 17, 18, 19, 20, 21, 22, 23, 24, 25, 26, 27, 28, 29, 30, 31, 32, 33, 34, 35, 36, 37, 38, 39, 40, 41]
[5, 0, 3, 0, 5, 0, 4, 0, 4, 0, 3, 0, 7, 0, 6, 0, 7, 0, 2, 0, 6, 0, 4, 0, 0, 0, 3, 0, 2, 0, 8, 0, 3, 0, 11, 0, 8, 0, 9, 0, 0, 0]
[3, 2, 2, 2, 7, 2, 1, 3, 2, 7, 3, 5, 2, 2, 0, 3, 2, 0, 0, 2, 4, 5, 0, 2, 0, 1, 1, 3, 2, 2, 4, 5, 1, 1, 3, 1, 4, 7, 2, 2, 0, 0]
41
0.1
100
0.5
---------
[0, 1, 2, 3, 4, 5, 6, 7, 8, 9, 10, 11, 12, 13, 14, 15, 16, 17, 18, 19, 20, 21, 22, 23, 24, 25, 26, 27, 28, 29, 30, 31, 32, 33, 34, 35, 36, 37, 38, 39, 40, 41]
[4, 0, 1, 0, 1, 0, 4, 0, 10, 0, 7, 0, 6, 0, 4, 0, 7, 0, 4, 0, 3, 0, 6, 0, 1, 0, 3, 0, 3, 0, 3, 0, 12, 0, 10, 0, 6, 0, 5, 0, 0, 0]
[1, 3, 1, 3, 3, 8, 6, 1, 4, 5, 2, 5, 2, 1, 2, 2, 2, 2, 0, 1, 1, 3, 4, 1, 2, 0, 3, 1, 0, 3, 4, 3, 3, 0, 7, 1, 5, 1, 2, 2, 0, 0]
41
0.1
100
0.5
---------
[0, 1, 2, 3, 4, 5, 6, 7, 8, 9, 10, 11, 12, 13, 14, 15, 16, 17, 18, 19, 20, 21, 22, 23, 24, 25, 26, 27, 28, 29, 30, 31, 32, 33, 34, 35, 36, 37, 38, 39, 40, 41]
[6, 0, 5, 0, 5, 0, 3, 0, 10, 0, 7, 0, 3, 0, 1, 0, 3, 0, 5, 0, 3, 0, 7, 0, 0, 0, 6, 0, 7, 0, 5, 0, 4, 0, 9, 0, 6, 0, 5, 0, 0, 0]
[2, 1, 3, 0, 2, 2, 5, 4, 3, 3, 3, 0, 1, 1, 2, 3, 0, 3, 0, 0, 2, 5, 2, 4, 1, 0, 3, 3, 4, 4, 2, 3, 4, 2, 7, 5, 1, 6, 2, 2, 0, 0]
41
0.1
100
0.5
---------

[0, 1, 2, 3, 4, 5, 6, 7, 8, 9, 10, 11, 12, 13, 14, 15, 16, 17, 18, 19, 20, 21, 22, 23, 24, 25, 26, 27, 28, 29, 30, 31, 32, 33, 34, 35, 36, 37, 38, 39, 40, 41]
[6, 0, 3, 0, 5, 0, 5, 0, 5, 0, 9, 0, 2, 0, 6, 0, 0, 0, 7, 0, 4, 0, 3, 0, 2, 0, 5, 0, 5, 0, 7, 0, 5, 0, 8, 0, 7, 0, 6, 0, 0, 0]
[7, 1, 0, 2, 0, 3, 1, 2, 1, 6, 3, 6, 2, 2, 5, 0, 2, 2, 0, 1, 5, 3, 2, 4, 1, 0, 7, 0, 3, 1, 0, 1, 3, 2, 6, 5, 2, 8, 1, 0, 0, 0]
41
0.1
100
0.5
---------

[1, 0, 4, 0, 3, 0, 6, 0, 5, 0, 11, 0, 3, 0, 3, 0, 5, 0, 4, 0, 3, 0, 4, 0, 2, 0, 7, 0, 2, 0, 11, 0, 4, 0, 6, 0, 10, 0, 6, 0, 0, 0]
[1, 0, 2, 2, 4, 2, 3, 2, 2, 5, 3, 5, 1, 1, 4, 0, 2, 0, 1, 0, 0, 9, 0, 3, 0, 3, 3, 1, 6, 3, 3, 4, 3, 1, 1, 8, 4, 2, 2, 4, 0, 0]
41
0.1
100
0.5
---------

[0, 1, 2, 3, 4, 5, 6, 7, 8, 9, 10, 11, 12, 13, 14, 15, 16, 17, 18, 19, 20, 21, 22, 23, 24, 25, 26, 27, 28, 29, 30, 31, 32, 33, 34, 35, 36, 37, 38, 39, 40, 41]
[4, 0, 1, 0, 5, 0, 6, 0, 6, 0, 6, 0, 4, 0, 6, 0, 5, 0, 5, 0, 4, 0, 6, 0, 3, 0, 4, 0, 3, 0, 8, 0, 2, 0, 9, 0, 7, 0, 6, 0, 0, 0]
[5, 4, 6, 2, 3, 2, 3, 4, 5, 0, 3, 0, 1, 0, 3, 2, 2, 4, 0, 1, 1, 3, 4, 0, 1, 0, 3, 3, 3, 0, 3, 3, 2, 2, 5, 5, 3, 4, 2, 3, 0, 0]
41
0.1
100
0.5

Final:

[30, 0, 26, 0, 30, 0, 38, 0, 51, 0, 45, 0, 29, 0, 34, 0, 31, 0, 28, 0, 26, 0, 32, 0, 11, 0, 32, 0, 30, 0, 51, 0, 32, 0, 58, 0, 47, 0, 39, 0, 0, 0]
[21, 16, 15, 13, 20, 25, 21, 19, 21, 33, 18, 27, 13, 7, 21, 10, 13, 11, 1, 8, 18, 28, 14, 19, 5, 5, 20, 12, 18, 17, 16, 23, 18, 9, 31, 29, 24, 34, 14, 13, 0, 0]


Processed:
[30, 26, 30, 38, 51, 45, 29, 34, 31, 28, 26, 32, 11, 32, 30, 51, 32, 58, 47, 39, 0]
[37, 28, 45, 40, 54, 45, 20, 31, 24, 9, 46, 33, 10, 32, 35, 39, 27, 60, 58, 27, 0]

