Uniform Dataset. 6*100 iterations. No Failure Acknowledgements. EPS = 1
--------
[0, 1, 2, 3, 4, 5, 6, 7, 8, 9, 10, 11, 12, 13, 14, 15, 16, 17, 18, 19, 20, 21, 22, 23, 24, 25, 26, 27, 28, 29, 30, 31, 32, 33, 34, 35, 36, 37, 38, 39, 40, 41]
[3, 0, 3, 0, 4, 0, 3, 0, 6, 0, 6, 0, 4, 0, 7, 0, 3, 0, 5, 0, 4, 0, 9, 0, 6, 0, 3, 0, 7, 0, 7, 0, 3, 0, 4, 0, 9, 0, 4, 0, 0, 0]
[2, 1, 3, 3, 4, 3, 5, 2, 2, 4, 4, 3, 1, 0, 4, 0, 0, 1, 0, 4, 0, 3, 5, 2, 0, 0, 1, 1, 3, 0, 1, 5, 3, 3, 7, 4, 6, 2, 4, 4, 0, 0]
41
1.0
100
0.5
---------
[0, 1, 2, 3, 4, 5, 6, 7, 8, 9, 10, 11, 12, 13, 14, 15, 16, 17, 18, 19, 20, 21, 22, 23, 24, 25, 26, 27, 28, 29, 30, 31, 32, 33, 34, 35, 36, 37, 38, 39, 40, 41]
[4, 0, 5, 0, 5, 0, 5, 0, 6, 0, 4, 0, 8, 0, 7, 0, 4, 0, 3, 0, 3, 0, 7, 0, 2, 0, 7, 0, 4, 0, 5, 0, 4, 0, 7, 0, 3, 0, 7, 0, 0, 0]
[4, 0, 3, 0, 1, 2, 1, 4, 7, 2, 3, 3, 1, 2, 3, 0, 1, 1, 0, 0, 5, 0, 3, 5, 0, 0, 2, 5, 3, 3, 4, 2, 6, 0, 9, 3, 2, 4, 4, 2, 0, 0]
41
1.0
100
0.5
---------
[0, 1, 2, 3, 4, 5, 6, 7, 8, 9, 10, 11, 12, 13, 14, 15, 16, 17, 18, 19, 20, 21, 22, 23, 24, 25, 26, 27, 28, 29, 30, 31, 32, 33, 34, 35, 36, 37, 38, 39, 40, 41]
[3, 0, 6, 0, 4, 0, 6, 0, 10, 0, 4, 0, 9, 0, 3, 0, 3, 0, 3, 0, 6, 0, 3, 0, 1, 0, 2, 0, 5, 0, 6, 0, 3, 0, 11, 0, 4, 0, 8, 0, 0, 0]
[3, 2, 3, 3, 4, 2, 1, 3, 4, 5, 3, 5, 5, 0, 1, 9, 0, 0, 3, 0, 2, 3, 0, 3, 2, 0, 6, 0, 2, 1, 4, 4, 1, 6, 2, 2, 2, 1, 3, 0, 0, 0]
41
1.0
100
0.5
---------
[0, 1, 2, 3, 4, 5, 6, 7, 8, 9, 10, 11, 12, 13, 14, 15, 16, 17, 18, 19, 20, 21, 22, 23, 24, 25, 26, 27, 28, 29, 30, 31, 32, 33, 34, 35, 36, 37, 38, 39, 40, 41]
[7, 0, 6, 0, 8, 0, 3, 0, 6, 0, 4, 0, 4, 0, 5, 0, 1, 0, 3, 0, 4, 0, 4, 0, 2, 0, 3, 0, 5, 0, 6, 0, 7, 0, 10, 0, 9, 0, 3, 0, 0, 0]
[0, 4, 6, 2, 0, 3, 7, 3, 6, 3, 3, 6, 2, 1, 1, 1, 2, 0, 0, 0, 1, 3, 3, 3, 0, 3, 1, 2, 0, 3, 5, 2, 1, 1, 12, 2, 4, 1, 2, 1, 0, 0]
41
1.0
100
0.5
---------
[0, 1, 2, 3, 4, 5, 6, 7, 8, 9, 10, 11, 12, 13, 14, 15, 16, 17, 18, 19, 20, 21, 22, 23, 24, 25, 26, 27, 28, 29, 30, 31, 32, 33, 34, 35, 36, 37, 38, 39, 40, 41]
[3, 0, 5, 0, 5, 0, 6, 0, 7, 0, 5, 0, 4, 0, 5, 0, 3, 0, 0, 0, 5, 0, 6, 0, 1, 0, 8, 0, 6, 0, 6, 0, 3, 0, 10, 0, 9, 0, 3, 0, 0, 0]
[2, 1, 1, 4, 5, 3, 3, 5, 6, 0, 4, 3, 5, 2, 2, 2, 0, 1, 3, 0, 1, 2, 0, 3, 0, 0, 6, 5, 0, 4, 5, 3, 1, 2, 0, 4, 3, 4, 2, 3, 0, 0]
41
1.0
100
0.5
---------
[0, 1, 2, 3, 4, 5, 6, 7, 8, 9, 10, 11, 12, 13, 14, 15, 16, 17, 18, 19, 20, 21, 22, 23, 24, 25, 26, 27, 28, 29, 30, 31, 32, 33, 34, 35, 36, 37, 38, 39, 40, 41]
[4, 0, 4, 0, 2, 0, 9, 0, 8, 0, 4, 0, 10, 0, 6, 0, 1, 0, 3, 0, 4, 0, 3, 0, 3, 0, 2, 0, 8, 0, 10, 0, 2, 0, 8, 0, 4, 0, 5, 0, 0, 0]
[2, 2, 0, 3, 3, 4, 6, 2, 3, 1, 2, 5, 5, 1, 1, 2, 0, 4, 2, 3, 5, 3, 3, 1, 0, 0, 0, 2, 4, 2, 1, 2, 1, 5, 3, 2, 3, 7, 1, 4, 0, 0]
41
1.0
100
0.5
---------
